2.71079039 2.15333638 0.66922250 3.18655264 0.23181938 2.25396329 12.58753368 
95.64815469 2.18838984 0.87615551 3.90071951 0.26307573 4.13431722 17.94639074 
67.53841739 2.15547462 0.86952159 3.90071951 0.26307573 2.77598298 6.25896901 
23.09380195 2.31776427 0.90916293 54.32581070 0.23283166 2.99997378 26.30493221 
12.35244159 2.37718667 1.30808579 3.49286555 0.19976140 2.01406077 9.09748710 
23.09380195 2.31776427 0.74386473 54.80959248 0.23283166 3.10958784 26.30493221 
4.43066045 2.31776427 0.66320777 2.19616566 0.20287086 1.30230614 26.30493221 
2.71079039 2.31776427 0.66922250 3.39352094 0.23181938 2.25396329 12.58753368 
6.07789426 2.39893975 0.63501878 0.66500350 0.34714660 2.23428746 26.14554441 
7.18602216 1.78111543 0.63289551 11.78631630 0.34637087 1.61738895 20.30308677 
4.90221989 2.31776427 0.68941415 3.57719378 0.18980080 2.04139703 6.54691693 
13.22955957 2.31776427 0.77841455 3.39352094 0.20121495 1.95154987 26.30493221 
9.44220256 2.33957701 0.77522091 2.31075572 0.19893144 1.49123951 30.03135005 
9.44220256 2.31776427 0.68415950 3.39352094 0.19893144 2.25396329 10.10912380 
11.77210613 2.31776427 0.66204478 3.39352094 0.21838843 1.95154987 26.30493221 
9.44220256 2.31776427 0.68415950 3.39352094 0.19893144 2.25396329 10.10912380 
11.77210613 2.31776427 0.70388110 3.39352094 0.21838843 1.95154987 26.30493221 
11.77210613 2.31776427 0.75210555 3.39352094 0.21838843 1.95154987 26.30493221 
11.53558317 2.15333638 0.65546817 7.19885896 0.37929207 2.84416708 12.58753368 
11.77210613 2.31776427 0.66320777 3.39352094 0.21838843 2.07009037 26.30493221 
