- 
4.585564  3.102868  0.005703  0.339229  0.039391  0.457920  4.417589  
4.585564  3.102868  0.042946  0.339229  0.021506  0.457920  4.417589  
5.098272  2.330994  0.114173  1.833404  0.045194  0.103836  9.185677  
5.667924  3.636373  0.197988  1.946948  0.083491  0.137585  14.093762  
5.352160  2.330994  0.348470  1.910228  0.422704  1.219269  9.143656  
5.877688  3.065112  0.610371  1.446729  0.187393  0.784608  9.136755  
7.123695  2.712735  0.707177  1.831694  0.206748  0.616752  14.093762  
9.267315  4.242729  0.800094  1.732461  0.211385  0.972727  10.484616  
9.267315  4.242729  0.800094  1.846626  0.466586  2.455102  5.955031  
9.267315  4.242729  0.800094  1.846626  0.500845  3.049012  36.787281  
9.267315  7.177050  1.294961  1.819585  0.458422  1.654774  20.273321  
14.697539  5.926715  1.041171  1.423409  0.536373  2.221151  13.184180  
17.540277  6.732843  0.968541  1.303868  0.526170  0.603730  44.027050  
16.024235  5.926715  1.324242  1.787684  0.507661  0.706417  13.184180  
17.329162  8.566920  1.411530  1.676355  0.678117  1.679467  24.619833  
25.522556  12.690070  1.312623  4.972419  0.629213  0.538601  20.321731  
21.031486  7.767970  1.724082  2.415053  0.674467  1.147941  34.016632  
25.615050  7.363359  1.994797  2.914131  0.695325  1.255324  20.321731  
24.603186  12.841611  2.644152  3.291734  0.686573  1.134852  16.277788  
25.615050  12.690070  3.001198  4.972419  0.818467  1.255324  20.321731  
36.618271  15.995677  2.950227  3.713444  0.656210  0.522208  15.965077  
36.496981  16.450330  2.811944  3.418815  0.816228  1.260688  124.592733  
36.496981  16.450330  2.998722  3.418815  0.816228  1.260688  124.592733  
36.699266  16.155051  3.959084  5.893089  0.858168  2.929672  102.629470  
36.699266  16.235442  3.959084  5.486019  0.837781  2.929672  239.340369  
42.507227  19.346025  5.146937  5.918256  0.959038  1.980552  56.530304  
54.909231  21.577405  5.146937  5.918256  0.974789  3.377565  64.085524  
71.125195  30.073346  4.774324  7.535474  0.959500  1.594161  26.911284  
72.045769  41.498399  3.844433  18.925602  1.099265  1.241257  193.295814  
91.059384  33.982317  6.383521  9.195905  0.900709  8.485117  103.831827  
