2.38983227 2.55231071 2.93806450 1.52700848 
2.00155640 2.97020402 2.23200377 2.99911807 
2.81600077 1.85088386 2.00254835 1.67643439 
1.33261996 1.74147577 1.55287706 2.82428140 
2.57289622 1.53234821 2.16363936 1.04612152 
1.87180543 2.39401091 2.83358449 1.32375145 
2.62064697 2.81735305 2.34200424 2.22635846 
1.95029636 2.22653594 2.89544620 2.17857231 
1.79320274 1.68719308 2.69009673 2.69069263 
2.49901074 2.72897183 2.08830276 2.54087790 
1.62618470 2.00068780 2.40240127 2.35746235 
2.11307725 2.49538352 1.57919437 1.73166479 
2.20583764 1.94228297 1.72464546 2.74821226 
1.45864022 1.44318094 2.45558767 1.21525863 
1.54049567 2.15686061 1.91176860 2.02396530 
2.94894430 2.31148924 1.75423465 1.95956669 
1.25285030 1.64174538 2.58652861 1.15628056 
1.00041911 2.09568003 1.44645268 2.47507005 
2.75705748 2.89760387 2.65947424 1.41399553 
1.15275298 2.67600309 1.86042562 1.82069381 
